992119453352693760
992119185005301761
992119018843721729
992118801977233408
992118634519650305
992118482807545857
992118321519656966
992118167207137281
992118015784312835
992117815640514561
992117671545143297
992117543879041026
991847564856123392
991847330620981248
991847182255833092
991847037485420544
991846894585372672
991846684018720769
991846547997552640
991846360423936000
991846222372712449
991846087978897408
991845938418208769
991845774345494529
991757142720950272
991756919009431553
991756704051351557
991756486031261697
991756251053854721
991756092156862464
991755907943096320
991755756302163969
991755608104857600
991755453003632644
991755278277402624
991755145137532928
991485429248602112
991485094094426112
991484927102373888
991484754133442568
991484573753233408
991484413182701568
991484227207290881
991484062543044609
991483878752780289
991483719159607307
991483527035277313
991483390594609152
991394675033600000
991394309843890176
991394122610114562
991393978955259905
991393794951180289
991393631532670976
991393471511527424
991393311947665411
991393165490966528
991393015699787778
991392846379995136
991392705380012033
991122982322999297
991122712646086656
991122578684239872
991122385360302081
991122206431285249
991122046989021189
991121885730672640
991121658105749514
991121480091099141
991121354815672320
991121162800427008
991121018759663617
991032324493053952
991032057097785346
991031871835385857
991031710639935488
991031558218899462
991031409191071744
991031283211005953
991031154944937984
991031005480980481
991030883506442240
991030780481728514
991030606531301382
990761539220144130
990761247632130048
990761084532543489
990760806601117701
990760663491457024
990760440379691009
990760269218533376
990760036401020928
990759883380314112
990759709513838593
990759529251033089
990759394928480256
990759165931982848
990759036370014209
990758863422001153
990398434812276736
990398135846539265
990397975758299136
990397816185999360
990397667955105792
990397415147569157
990397254124101632
990397086951714816
990396959327490048
990396772798402560
990396637813100544
990396419507965954
990036122893017088
990035836870774784
990035642343141376
990035483668504577
990035316265443328
990035169271787520
990034986098135046
990034778366922753
990034625094475776
990034460098945024
990034211141816321
990034071911837696
989945225492750336
989944913008779264
989944715821842432
989944577166577665
989944405506306048
989944286916628480
989944088689565702
989943881163788289
989943753107533824
989943605824491521
989943472495976449
989943316023267328
989673749187264512
989673429468172288
989673276292124672
989673069903040517
989672875555786753
989672651667984384
989672484353044480
989672347501318144
989672206451073024
989672069456629761
989671923046023168
989671795660902406
989582778810425347
989582492096221184
989582356339097608
989582169034149888
989582037534363649
989581882428977152
989581755836522496
989581569156374531
989581428127084545
989581271562113025
989581130214117376
989580995480510465
989349123521474560
989348796294467584
989348565842649089
989348433445183488
989348272417443841
989348105207320577
989347947459563521
989347746636279814
989347576112713728
989347423121264645
989347247660896258
989347072800428033
989311354204024832
989311061512859648
989310868419727360
989310695455051776
989310504521863170
989310327903981569
989310106629263360
989309925246623744
989309488938221573
989309358113742848
989220486604361733
989220226117132288
989220021770620928
989219858263965697
989219703301296128
989219557138227201
989219338845646848
989219195824066560
989219032640434177
989218877224767489
989218745599053824
989218619765780481
988948594853064704
988948374614364161
988948164437774336
988947995084361729
988947815773691905
988947656222404609
